1 251.332940427081 129.9194064961438 226.68434717618882
1 250.60677320027543 147.96523571440758 227.3556082272883
1 249.87649501001323 166.0035683075406 227.9568234030144
1 249.1421016090969 184.03439283218506 228.48785699939154
1 248.4035887551828 202.05769786794485 228.94857363729284
1 247.66095221079277 220.07347201737485 229.33883828488766
1 246.91418774331888 238.08170390602527 229.65851628130665
1 246.1632911250319 256.0823821824511 229.90747336159907
1 245.408258133088 274.0754955182325 230.08557568306517
1 244.64908454953837 292.0610326079904 230.1926898530504
1 243.88576616133366 310.03898216941377 230.2286829582941
1 243.1182987603342 328.00933294326904 230.19342259593438
1 242.34667814331533 345.9720736934338 230.08677690627428
1 241.57090011197576 363.9271932068897 229.90861460743002
1 240.7909604729446 381.8746802937685 229.65880503197917
1 240.00685503778868 399.81452378735264 229.3372181657488
1 239.21857962301993 417.74671254410384 228.94372468888557
1 238.42613005010216 435.67123544366865 228.4781960193616
1 237.62950214545856 453.5880813889121 227.9405043590892
1 236.82869174047943 471.49723930592893 227.33052274281832
1 236.02369467152803 489.39869814404767 226.64812509002255
1 235.214506779948 507.2924468758691 225.89318625997325
1 234.40112391207222 525.1784744972792 225.06558211024162
1 233.58354191922626 543.056770027451 224.16518955887037
1 232.7617566577395 560.927322508881 223.19188665048517
1 231.9357639889486 578.7901210073918 222.14555262663936
1 231.10555977920632 596.6451546121635 221.02606800070345
1 230.27113989988808 614.492412435732 219.833314637647
1 229.43250022739804 632.3318836140176 218.56717583908653
1 228.5896366431771 650.1635573063465 217.2275364340013
1 227.7425450337092 667.987422695448 215.81428287556415
1 226.89122129052802 685.8034689874904 214.32730334456804
1 226.03566131022285 703.6116854120851 212.7664878599746
1 225.17586099444722 721.4120612223102 211.13172839716012
1 224.31181624992368 739.2045856947149 209.422919014487
1 223.44352298845158 756.9892481293517 207.63995598888965
1 222.57097712691345 774.7660378497698 205.78273796122718
1 221.69417458728066 792.5349442030558 203.85116609223098
1 220.81311129662126 810.2959565598301 201.84514422995343
1 219.92778318710592 828.049064314265 199.76457908971557
1 219.03818619601415 845.7942568841088 197.6093804476508
1 218.14431626574074 863.5315237106894 195.3794613490549
1 217.2461693438031 881.2608542589305 193.07473833287224
1 216.3437413828457 898.9822380173795 190.69513167379503
1 215.43702834064854 916.6956644982047 188.24056564359984
1 214.52602618013225 934.401123237212 185.71096879352416
1 213.61073086936432 952.0986037938696 183.10627425968127
1 212.69113838156593 969.788095751317 180.42642009373006
1 211.76724469511748 987.4695887163712 177.67134962126235
1 210.83904579356562 1005.14307231955 174.8410118306543
1 209.90653766562787 1022.8085362150797 171.93536179543494
1 208.96971630520088 1040.4659700809104 168.95436113358843
1 208.02857771136428 1058.1153636187364 165.8979785076051
1 207.08311788838856 1075.7567065539936 162.7661901695545
1 206.13333284573986 1093.3899886358822 159.5589805559741
1 205.17921859808615 1111.0151996373856 156.27634293796126
1 204.22077116530397 1128.6323293552653 152.9182801325278
1 203.25798657248288 1146.2413676100907 149.48480528205252
1 202.29086084993318 1163.8423042462455 145.97594270955346
1 201.31939003318965 1181.4351291319356 142.3917288585134
1 200.34357016301928 1199.0198321592104 138.73221332716727
1 199.36339728542578 1216.596403243958 134.997460008506
1 198.37886745165613 1234.1648323259449 131.18754834881148
1 197.38997671820525 1251.7251093687996 127.30257473934199
1 196.39672114682278 1269.2772243600355 123.34265405789016
1 195.39909680451825 1286.8211673110695 119.30792137937142
1 194.39709976356679 1304.356928257219 115.1985338774595
1 193.39072610151408 1321.884497257728 111.01467294261957
1 192.37997190118304 1339.403864395763 106.75654654581115
1 191.36483325067823 1356.9150197784377 102.42439188174507
1 190.3453062433924 1374.4179535368114 98.01847833103055
1 189.3213869780107 1391.9126558259152 93.53911078699892
1 188.29307155851737 1409.3991168247444 88.98663340066558
1 187.26035609419984 1426.877326736281 84.36143380643767
1 186.22323669965516 1444.3472757874993 79.66394790212348
1 185.181709494795 1461.8089542293812 74.89466526994796
1 184.1357706048503 1479.2623523369155 70.05413534113323
1 183.08541616037755 1496.707460409119 65.14297442579566
1 182.03064229726326 1514.144268769041 60.16187375323755
1 180.97144515672915 1531.572767763774 55.11160869619468
1 179.90782088533794 1548.9929477644584 49.99304938752798
1 178.8397656349978 1566.404799166304 44.80717298089071
1 177.76727556296757 1583.8083123885845 39.55507786020242
1 176.69034683186229 1601.203477874652 34.238000169118585
1 175.60897560965736 1618.5902860919527 28.857333114741348
1 174.5231580696945 1635.9687275320252 23.414649604388263
1 173.43289039068577 1653.3387927105175 17.911728906687348
1 172.3381687567192 1670.7004721671885 12.350588197116455
1 171.23898935726336 1688.0537564659235 6.733520064815414
1 170.96015493756337 1692.4433563221712 5.303660633537807
1 170.24846735250202 1703.5122582790289 8.214851480384658
1 169.29508603823598 1718.3288677893115 12.051978840176373
1 168.34100291991865 1733.1433804530168 15.81999990610726
1 167.3862181433766 1747.9557911208428 19.518722515615696
1 166.4307318549248 1762.7660946465412 23.14794645376536
1 165.4745442013664 1777.5742858869162 26.707462082661735
1 164.51765532999266 1792.380359701836 30.197048672675336
1 163.5600653885821 1807.1843109542358 33.61647235689977
1 162.60177452540057 1821.9861345101315 36.96548360568668
1 161.64278288920062 1836.7858252386154 40.243814084506965
1 160.68309062922137 1851.5833780118774 43.45117271196643
1 159.72269789518776 1866.3787877051964 46.58724066986911
1 158.7616048373107 1881.1720491969606 49.65166502519015
1 157.85447786895048 1895.1228087991765 52.47596587484668
