3 181.25056307935978 127.76247255622064 221.15203937788294
3 181.10416290046473 143.64011850578788 222.6695434897156
3 180.95233266147426 159.5119592460581 224.1160789880026
3 180.79506599308834 175.37798698037423 225.49151026194173
3 180.632356530869 191.23819392584318 226.7957018964312
3 180.46419791524988 207.09257231333734 228.02851868819025
3 180.29058379154802 222.94111438751503 229.1898256626555
3 180.1115078099724 238.78381240682685 230.27948809169553
3 179.92696362563478 254.62065864352533 231.2973715121888
3 179.73694489855993 270.45164538367305 232.24334174551257
3 179.5414452936954 286.2767649271551 233.11726491799075
3 179.34045848092134 302.09600958769465 233.9190074823597
3 179.1339781350618 317.9093716928489 234.6484362403032
3 178.92199793589353 333.7168435840324 235.30541836612264
3 178.70451156815525 349.5184176165217 235.88982143160243
3 178.48151272156014 365.31408615946236 236.40151343214433
3 178.2529950908038 381.1038415958869 236.84036281424258
3 178.01895237557358 396.8876763227095 237.20623850437568
3 177.77937828056025 412.6655827507549 237.4990099394036
3 177.53426651546755 428.4375533047541 237.71854709855785
3 177.28361079501965 444.20358042336017 237.8647205371181
3 177.0274048389748 459.9636565591473 237.93740142188233
3 176.76564237213154 475.7177741786361 237.93646156853598
3 176.49831712434056 491.465925762295 237.8617734810392
3 176.225422830513 507.2081038045436 237.71321039315762
3 175.94695323063183 522.9443008137735 237.49064631227267
3 175.66290206975933 538.6745093123492 237.1939560656112
3 175.37326309804874 554.3987218366152 236.82301534905636
3 175.07803007075228 570.1169309369104 236.3777007786988
3 174.77719674823123 585.8291291775846 235.8578899453115
3 174.4707568959664 601.5353091369846 235.26346147193988
3 174.15870428456557 617.2354634074862 234.59429507481147
3 173.84103268977506 632.9295845954883 233.85027162778863
3 173.51773589248728 648.6176653214262 233.03127323060562
3 173.18880767875177 664.299698219786 232.13718328114643
3 172.85424183978407 679.9756759391048 231.16788655203962
3 172.51403217197372 695.6455911419703 230.12326927187826
3 172.16817247689613 711.3094365050628 229.00321921138075
3 171.81665656131912 726.967204719121 227.80762577484927
3 171.4594782372144 742.6188884889826 226.53638009730565
3 171.09663132176522 758.2644805335784 225.1893751477124
3 170.72810963737672 773.9039735859327 223.76650583872993
3 170.35390701168407 789.5373603931935 222.26766914348732
3 169.9740172775629 805.164633716624 220.69276421989804
3 169.58843427313667 820.7857863316115 219.04169254308363
3 169.19715184178753 836.400811027678 217.3143580465323
3 168.80016383216454 852.009700608495 215.51066727266087
3 168.39746409819185 867.6124478918758 213.6305295335182
3 167.98904649907922 883.2090457097955 211.67385708243035
3 167.5749048993303 898.7994869083955 209.6405652974608
3 167.15503316875134 914.3837643479916 207.53057287764202
3 166.72942518246063 929.961870903074 205.34380205302043
3 166.29807482089663 945.533799462324 203.08017880965843
3 165.8609759698277 961.0995429286239 200.73963313084687
3 165.41812252035984 976.6590942190508 198.32209925589635
3 164.96950836894692 992.2124462648923 195.82751595802128
3 164.51512741739805 1007.7595920116573 193.25582684296822
3 164.0549735728871 1023.3005244190748 190.6069806702146
3 163.5890407479609 1038.8352364611042 187.8809316987472
3 163.11732286054854 1054.3637211259472 185.07764005963455
3 162.63981383396955 1069.8859714160462 182.19707215784135
3 162.15650759694233 1085.4019803480967 179.23920110599167
3 161.6673980835933 1100.9117409530536 176.20400719307443
3 161.1724792334651 1116.4152462761315 173.09147839141474
3 160.67174499152514 1131.9124893768221 169.90161090559695
3 160.1651893081742 1147.4034633288932 166.63440976743757
3 159.6528061392547 1162.8881612203998 163.28988948157098
3 159.13458944605927 1178.3665761536843 159.8680747267348
3 158.61053319533937 1193.8387012453875 156.36900111843275
3 158.08063135931297 1209.304529626453 152.79271603932776
3 157.54487791567368 1224.7640544421424 149.13927954447541
3 157.0032668475987 1240.21726885202 145.40876534937888
3 156.45579214375692 1255.6641660299827 141.6012619098318
3 155.90244779831795 1271.1047391642526 137.71687360364183
3 155.343227810959 1286.538981457385 133.7557220256165
3 154.7781261868748 1301.966886126279 129.71794740867176
3 154.20713693678374 1317.388446402174 125.60371018561521
3 153.63025407693826 1332.8036555306653 121.41319270811245
3 153.04747162913077 1348.2125067717113 117.14660114159133
3 152.45878362070357 1363.6149933996223 112.80416755744527
3 151.86418408455566 1379.0111087030823 108.38615224690925
3 151.26366705915112 1394.4008459851543 103.8928462844875
3 150.65722658852755 1409.784198563277 99.3245743728906
3 150.0448567223033 1425.1611597692736 94.6816980062042
3 149.42655151568584 1440.5317229493642 89.96461899359092
3 148.80230502947987 1455.8958814641564 85.17378339237526
3 148.17211133009437 1471.253628688666 80.30968590707717
3 147.53596448955136 1486.6049580123106 75.3728748200693
3 146.89385858549312 1501.949862838923 70.36395753033138
3 146.2457877011902 1517.2883365867567 65.28360678960853
3 145.5917459255492 1532.6203726884744 60.13256774059143
3 144.9317273531202 1547.945964591175 54.91166588006365
3 144.2657260841052 1563.265105756386 49.621816091981586
3 143.59373622436485 1578.5777896600766 44.26403292201087
3 142.91575188542643 1593.8840097926468 38.83944229720451
3 142.23176718449162 1609.1837596589482 33.349294933613656
3 141.54177624444426 1624.477032778284 27.79498172238308
3 140.84577319385727 1639.7638226844135 22.178051443480662
3 140.14375216700043 1655.0441229255475 16.500231228442317
3 139.43570730384837 1670.3179270643689 10.763450283004495
3 138.72163275008722 1685.5852286780244 4.9698674919509935
3 138.58473596459464 1688.4967657157733 3.8584720805426316
3 138.17753614483973 1698.5541865476187 7.182112129341695
3 137.6740804857033 1710.9547928246805 11.227848351664928
3 137.1703247894554 1723.325040414412 15.205671541405044
3 136.66627016764713 1735.6649829801868 19.11546814647957
3 136.16191772918154 1747.9746742057555 22.95712589450782
3 135.6572685803122 1760.254167794463 26.73053399819065
3 135.15232382464242 1772.5035174684785 30.435583396583358
3 134.64708456312417 1784.7227769680178 34.07216703965387
3 134.141551894057 1796.912000050577 37.64018022530597
3 133.6357269130876 1809.0712404901692 41.139521000339364
3 133.12961071320854 1821.2005520765663 44.57009063977005
3 132.62320438475774 1833.299988614537 47.9317942227726
3 132.1165090154178 1845.3696039230974 51.224541328525554
3 131.60952569021535 1857.4094518347647 54.44824688186971
3 131.10225549152028 1869.4195861948097 57.60283218751278
3 130.59469949904553 1881.4000608605156 60.68822620337476
3 130.08685878984627 1893.3509297004434 63.704367119768264
3 130.01120621776496 1895.128138741484 64.14760681176976
